loading calibration from /home/sicong/catkin_ws/camera.txt!
loading config from /home/sicong/VIORB/config/euroc.yaml!
loading bag from /home/sicong/Downloads/V2_02_medium.bag!
Bag offset 50.000000!
loading groundTruth from /home/sicong/VINS-Mono/benchmark_publisher/config/V2_02_medium/data.csv!
MODE WITH CALIBRATION, but without exposure times!
Reading Calibration from file /home/sicong/catkin_ws/camera.txt ... found!
found RadTan (OpenCV) camera model, building rectifier.
Creating RadTan undistorter
Input resolution: 752 480
In: 458.654000 457.296000 367.215000 248.375000 -0.283408 0.073959 0.000194 0.000018
Out: Rectify Crop
Output resolution: 752 480
finding CROP optimal new model!
initial range: x: -1.0297 - 1.1007; y: -0.6043 - 0.5523!
iteration 00001: range: x: -1.0245 - 1.0952; y: -0.6043 - 0.5523!
iteration 00002: range: x: -1.0194 - 1.0897; y: -0.6043 - 0.5523!
iteration 00003: range: x: -1.0194 - 1.0897; y: -0.6013 - 0.5495!
iteration 00004: range: x: -1.0194 - 1.0897; y: -0.5983 - 0.5468!
iteration 00005: range: x: -1.0194 - 1.0897; y: -0.5983 - 0.5468!

Rectified Kamera Matrix:
356.069       0 362.985
      0 418.335 250.271
      0       0       1

NO PHOTOMETRIC Calibration!
Reading Photometric Calibration from file 
PhotometricUndistorter: Could not open file!
using pyramid levels 0 to 4. coarsest resolution: 47 x 30!


Parameters: 
VINS initialize time: 15
Discart time in test data: 0
open rosbag: /media/jp/JingpangPassport/3dataset/EuRoC-VIO/un_restamped/MH_01_easy.bag
imu topic: /imu0
image topic: /cam0/image_raw
local window size: 20
timestamp image delay to imu: 0
Tbc inited:
 0.0148655  -0.999881  0.0041403 -0.0216401
  0.999557  0.0149672  0.0257155  -0.064677
-0.0257744 0.00375619   0.999661 0.00981073
         0          0          0          1
[0.014865543, -0.99988091, 0.004140297, -0.021640146;
  0.99955726, 0.014967213, 0.02571553, -0.064676985;
  -0.025774436, 0.0037561883, 0.99966073, 0.0098107308;
  0, 0, 0, 1]
Tcb inited:
 0.0148655   0.999557 -0.0257744  0.0652229
 -0.999881  0.0149672 0.00375619 -0.0207064
 0.0041403  0.0257155   0.999661 -0.0080546
         0          0          0          1
[0.014865543, 0.99955726, -0.025774436, 0.065222912;
  -0.99988091, 0.014967213, 0.0037561883, -0.020706385;
  0.004140297, 0.02571553, 0.99966073, -0.0080546029;
  0, 0, 0, 1]
Tbc*Tcb:
           1 -7.44982e-17            0 -6.93889e-18
-7.44982e-17            1  3.46945e-18            0
           0  3.46945e-18            1            0
           0            0            0            1
[1, 2.0372681e-10, 0, -1.8626451e-09;
  2.0372681e-10, 1, 0, 7.4505806e-09;
  0, 0, 1, 0;
  0, 0, 0, 1]
whether acc*9.8? 0/1: 0
START PANGOLIN!
image delay set as 0.0ms
[0m[ INFO] [1499240058.595354283]: Playing bagfile: /home/sicong/Downloads/V2_02_medium.bag[0m
[0m[ INFO] [1499240058.636579223]: BAG starts at: 1413393935.670630[0m
[0m[ INFO] [1499240058.637340620]: time- 1413393936.055760, 6 IMU message between the images[0m
[0m[ INFO] [1499240058.716721489]: time- 1413393936.105761, 10 IMU message between the images[0m
[0m[ INFO] [1499240058.818500260]: GT VS CAM, Start 0.000000, End 0.000000[0m
[0m[ INFO] [1499240059.039044442]: time- 1413393936.155761, 10 IMU message between the images[0m
[0m[ INFO] [1499240059.039225338]: GT VS CAM, Start 0.000000, End 0.000000[0m
[0m[ INFO] [1499240059.253217954]: time- 1413393936.205760, 10 IMU message between the images[0m
[0m[ INFO] [1499240059.253400575]: GT VS CAM, Start 0.000000, End 0.000000[0m
[0m[ INFO] [1499240059.486933898]: time- 1413393936.255760, 10 IMU message between the images[0m
[0m[ INFO] [1499240059.487126745]: GT VS CAM, Start 0.000000, End 0.000000[0m
[0m[ INFO] [1499240059.734257143]: time- 1413393936.305760, 10 IMU message between the images[0m
[0m[ INFO] [1499240059.734431430]: GT VS CAM, Start 0.000000, End -0.000238[0m
[0m[ INFO] [1499240059.946340577]: time- 1413393936.355761, 10 IMU message between the images[0m
[0m[ INFO] [1499240059.946498727]: GT VS CAM, Start -0.000238, End 0.000000[0m
[0m[ INFO] [1499240060.183565234]: time- 1413393936.405761, 10 IMU message between the images[0m
[0m[ INFO] [1499240060.183756538]: GT VS CAM, Start 0.000000, End 0.000000[0m
Initialization: keep 11.1% (need 1200, have 10771)!
INITIALIZE FROM INITIALIZER (1232 pts)!
SPARSITY:  MinActDist 2.100000 (need 1200 points, have 1232 points)!
OPTIMIZE 1232 pts, 1232 active res, 0 lin res!
Initial Error       	A(302090.588100)=(AV inf). Num: A(0) + M(0); ab 0.000000 0.000000!
STEPS: A 0.3; B 36.0; R 47.0; T 22.8. 	REJECT 0 (L -1.00, dir nan, ss 1.0): 	A(1345864.752480)=(AV 40.220). Num: A(104) + M(0); ab -0.002909 3.051273!
STEPS: A 0.0; B 41.3; R 35.1; T 19.6. 	ACCEPT 1 (L -1.60, dir 0.63, ss 1.0): 	A(1155404.396110)=(AV 18.391). Num: A(427) + M(0); ab -0.002554 6.555310!
STEPS: A 0.6; B 42.3; R 22.3; T 11.6. 	ACCEPT 2 (L -2.20, dir 0.81, ss 1.0): 	A(1046131.151568)=(AV 17.298). Num: A(437) + M(0); ab -0.007481 10.142291!
STEPS: A 1.2; B 39.7; R 19.9; T 13.9. 	ACCEPT 3 (L -2.81, dir 0.99, ss 1.0): 	A(928086.702043)=(AV 16.110). Num: A(447) + M(0); ab -0.017836 13.509319!
STEPS: A 0.0; B 12.8; R 21.6; T 13.3. 	ACCEPT 4 (L -3.41, dir 0.81, ss 1.0): 	A(868456.229989)=(AV 15.532). Num: A(450) + M(0); ab -0.018029 14.593553!
STEPS: A 0.3; B 10.8; R 11.7; T 8.2. 	ACCEPT 5 (L -4.01, dir 0.93, ss 1.0): 	A(817934.112262)=(AV 15.040). Num: A(452) + M(0); ab -0.020585 15.507903!
STEPS: A 0.1; B 7.5; R 14.3; T 8.4. 	ACCEPT 6 (L -4.61, dir 0.93, ss 1.0): 	A(777861.246752)=(AV 14.683). Num: A(451) + M(0); ab -0.021040 16.147820!
STEPS: A 0.2; B 5.9; R 12.8; T 5.8. 	ACCEPT 7 (L -5.21, dir 0.98, ss 1.0): 	A(756802.244598)=(AV 14.531). Num: A(448) + M(0); ab -0.022887 16.652243!
STEPS: A 0.0; B 3.5; R 11.0; T 5.1. 	REJECT 8 (L -5.82, dir 0.98, ss 1.0): 	A(758758.287133)=(AV 14.583). Num: A(446) + M(0); ab -0.023047 16.952257!
STEPS: A 0.0; B 0.8; R 10.8; T 5.0. 	ACCEPT 9 (L -6.42, dir 0.97, ss 1.0): 	A(756645.029796)=(AV 14.514). Num: A(449) + M(0); ab -0.022873 17.016853!
STEPS: A 0.1; B 1.0; R 15.1; T 5.0. 	ACCEPT 10 (L -7.02, dir 0.97, ss 1.0): 	A(739745.372968)=(AV 14.303). Num: A(452) + M(0); ab -0.021785 16.928339!
STEPS: A 0.1; B 5.3; R 9.1; T 4.4. 	ACCEPT 11 (L -7.62, dir 0.83, ss 1.0): 	A(711805.786736)=(AV 13.984). Num: A(455) + M(0); ab -0.023034 17.375921!
STEPS: A 0.1; B 2.0; R 21.5; T 8.2. 	ACCEPT 12 (L -8.22, dir 0.90, ss 1.0): 	A(694736.485129)=(AV 13.846). Num: A(453) + M(0); ab -0.022404 17.546984!
STEPS: A 0.0; B 1.2; R 16.7; T 6.5. 	ACCEPT 13 (L -8.83, dir 1.00, ss 1.0): 	A(663856.335844)=(AV 13.475). Num: A(457) + M(0); ab -0.022078 17.650738!
STEPS: A 0.2; B 2.5; R 20.1; T 8.0. 	ACCEPT 14 (L -9.43, dir 0.98, ss 1.0): 	A(627256.740742)=(AV 13.027). Num: A(462) + M(0); ab -0.019995 17.438675!
LOG 7: 12.736 fine. Res: 462 A, 0 L, 0 M; (0 / 0) forceDrop. a=-0.019995, b=17.438674. Window 7 (2)
[0m[ INFO] [1499240060.400439762]: time- 1413393936.455760, 10 IMU message between the images[0m
[0m[ INFO] [1499240060.400642620]: GT VS CAM, Start 0.000000, End 0.000000[0m
Tracking from IMU: 
ref pose: 
   0.92869 -0.0789967  -0.362345 -0.0557146
 0.0572147   0.995871 -0.0704738 -0.0562488
  0.366416  0.0447169   0.929376  0.0486915
         0          0          0          1
Tbc: 
 0.0148655  -0.999881  0.0041403 -0.0216401
  0.999557  0.0149672  0.0257155  -0.064677
-0.0257744 0.00375619   0.999661 0.00981073
         0          0          0          1
Before Nav: 
  0.996286 -0.0550127  0.0662391  0.0513272
 0.0754461   0.928475  -0.363652 -0.0547054
-0.0414959   0.367299   0.929177  0.0734524
         0          0          0          1
After nav:   0.996671 -0.0448631  0.0680717  0.0607095
 0.0685547   0.913083  -0.401969 -0.0529206
-0.0441216   0.405298   0.913119  0.0695657
         0          0          0          1
Rel nav:    0.999973 -0.00738409 9.18498e-05 -0.00964494
 0.00737389    0.999108   0.0415774 0.000366493
-0.00039878  -0.0415756    0.999135  0.00362775
          0           0           0           1
KF: 1 Fh: -1
IMUs: 10
Const: 
   0.92869  0.0572147   0.366416  0.0371186
-0.0789967   0.995871  0.0447169   0.049438
 -0.362345 -0.0704738   0.929376 -0.0694047
         0          0          0          1
Pred: 
    0.999108  -0.00722238    0.0416009    0.0371186
  0.00719894     0.999974    0.0007131     0.049438
   -0.041605 -0.000412981     0.999134   -0.0694047
           0            0            0            1
----------------------------------IMU----------------------------------
IMU Error: 
   0.0415889 -0.000245388  -0.00738119

Jacobian: 
   -0.999995   0.00369144 -9.71118e-05
 -0.00368974    -0.999851   -0.0207946
 0.000148276    0.0207943    -0.999856
----------------------------------IMU----------------------------------
----------------------------------IMU----------------------------------
IMU Error: 
  0.0377821 -0.00503213 -0.00331278

Jacobian: 
  -0.999997  0.00167224 -0.00250564
-0.00164055    -0.99988  -0.0188924
  0.0025265   0.0188896   -0.999879
----------------------------------IMU----------------------------------
----------------------------------IMU----------------------------------
IMU Error: 
  0.0346584 -0.00790792 0.000706189

Jacobian: 
   -0.999995 -0.000330254    -0.003956
 0.000375935      -0.9999   -0.0173288
  0.00395192    0.0173297    -0.999895
----------------------------------IMU----------------------------------
----------------------------------IMU----------------------------------
IMU Error: 
  0.0315335 -0.00768051  0.00195081

Jacobian: 
   -0.999995 -0.000955224  -0.00384538
  0.00099559    -0.999917   -0.0157655
  0.00383513     0.015768    -0.999912
----------------------------------IMU----------------------------------
----------------------------------IMU----------------------------------
IMU Error: 
  0.0299051 -0.00725684  0.00181782

Jacobian: 
   -0.999995 -0.000890823  -0.00363295
 0.000926993    -0.999925   -0.0149514
  0.00362389    0.0149536    -0.999921
----------------------------------IMU----------------------------------
----------------------------------IMU----------------------------------
IMU Error: 
   0.027707 -0.00688809 0.000883295

Jacobian: 
   -0.999996 -0.000425743  -0.00344608
 0.000457552    -0.999936    -0.013853
    0.003442     0.013854    -0.999932
----------------------------------IMU----------------------------------
----------------------------------IMU----------------------------------
IMU Error: 
   0.022253 -0.00666052  0.00151212

Jacobian: 
   -0.999996 -0.000743711  -0.00333306
 0.000768414    -0.999959   -0.0111257
  0.00332746    0.0111273    -0.999955
----------------------------------IMU----------------------------------
----------------------------------IMU----------------------------------
IMU Error: 
 0.00878122 -0.00552126   0.0038356

Jacobian: 
  -0.999996 -0.00191376 -0.00276344
 0.00192184   -0.999992 -0.00438885
 0.00275782  0.00439237   -0.999991
----------------------------------IMU----------------------------------
----------------------------------IMU----------------------------------
IMU Error: 
  0.0035579 -0.00481977  0.00766217

Jacobian: 
  -0.999993 -0.00382966 -0.00241216
 0.00383251   -0.999994 -0.00177587
 0.00240761  0.00178203   -0.999997
----------------------------------IMU----------------------------------
----------------------------------IMU----------------------------------
IMU Error: 
-0.00576823 -0.00516386  0.00924335

Jacobian: 
  -0.999991 -0.00462416 -0.00257749
 0.00461919    -0.99999  0.00288809
 0.00258637 -0.00288014   -0.999995
----------------------------------IMU----------------------------------
----------------------------------IMU----------------------------------
IMU Error: 
 -0.0112849 -0.00699809  0.00361832

Jacobian: 
  -0.999995 -0.00181574 -0.00349564
 0.00180258   -0.999988  0.00564457
 0.00350245 -0.00564035   -0.999985
----------------------------------IMU----------------------------------
----------------------------------IMU----------------------------------
IMU Error: 
-0.00780674  -0.0058472   0.0071611

Jacobian: 
  -0.999993 -0.00358436 -0.00291894
 0.00357675   -0.999991  0.00390686
 0.00292826 -0.00389988   -0.999992
----------------------------------IMU----------------------------------
----------------------------------IMU----------------------------------
IMU Error: 
-0.00896279 -0.00627591  0.00593727

Jacobian: 
  -0.999994 -0.00297332 -0.00313352
 0.00296395    -0.99999   0.0044845
 0.00314239 -0.00447829    -0.99999
----------------------------------IMU----------------------------------
----------------------------------IMU----------------------------------
IMU Error: 
-0.00876294 -0.00620387   0.0061445

Jacobian: 
  -0.999994 -0.00307678 -0.00309745
 0.00306772    -0.99999  0.00438465
 0.00310642 -0.00437829    -0.99999
----------------------------------IMU----------------------------------
----------------------------------IMU----------------------------------
IMU Error: 
 -0.0087042 -0.00618926  0.00619057

Jacobian: 
  -0.999994 -0.00309978 -0.00309014
  0.0030908    -0.99999  0.00435529
 0.00309912 -0.00434891    -0.99999
----------------------------------IMU----------------------------------
----------------------------------IMU----------------------------------
IMU Error: 
-0.00852754 -0.00614072   0.0063292

Jacobian: 
  -0.999994 -0.00316896 -0.00306586
 0.00316024   -0.999991  0.00426701
 0.00307486 -0.00426053   -0.999991
----------------------------------IMU----------------------------------
----------------------------------IMU----------------------------------
IMU Error: 
-0.00821073 -0.00603368  0.00658818

Jacobian: 
  -0.999993 -0.00329822 -0.00301233
 0.00328996   -0.999991  0.00410868
 0.00302135 -0.00410205   -0.999991
----------------------------------IMU----------------------------------
----------------------------------IMU----------------------------------
IMU Error: 
-0.00857655 -0.00616404  0.00630711

Jacobian: 
  -0.999994 -0.00315796 -0.00307751
 0.00314915   -0.999991  0.00429152
 0.00308653 -0.00428504   -0.999991
----------------------------------IMU----------------------------------
----------------------------------IMU----------------------------------
IMU Error: 
-0.00837506 -0.00609814  0.00645337

Jacobian: 
  -0.999993 -0.00323094 -0.00304457
 0.00322243   -0.999991  0.00419081
 0.00305358 -0.00418425   -0.999991
----------------------------------IMU----------------------------------
----------------------------------IMU----------------------------------
IMU Error: 
-0.00821073 -0.00603368  0.00658818

Jacobian: 
  -0.999993 -0.00329822 -0.00301233
 0.00328996   -0.999991  0.00410868
 0.00302135 -0.00410205   -0.999991
----------------------------------IMU----------------------------------
----------------------------------IMU----------------------------------
IMU Error: 
-0.00697969 -0.00483245  0.00669207

Jacobian: 
  -0.999994 -0.00334884 -0.00241233
 0.00334322   -0.999992  0.00349254
 0.00242011 -0.00348715   -0.999994
----------------------------------IMU----------------------------------
----------------------------------IMU----------------------------------
IMU Error: 
-0.00662128 -0.00412982  0.00669915

Jacobian: 
  -0.999995 -0.00335185 -0.00206121
 0.00334729   -0.999993  0.00331295
 0.00206861 -0.00330834   -0.999995
----------------------------------IMU----------------------------------
----------------------------------IMU----------------------------------
IMU Error: 
  -0.006381 -0.00356819  0.00665134

Jacobian: 
  -0.999995 -0.00332757 -0.00178056
 0.00332377   -0.999993  0.00319248
 0.00178763 -0.00318852   -0.999996
----------------------------------IMU----------------------------------
----------------------------------IMU----------------------------------
IMU Error: 
-0.00635128 -0.00346218  0.00661999

Jacobian: 
  -0.999995 -0.00331183 -0.00172759
 0.00330816   -0.999993  0.00317755
 0.00173459 -0.00317373   -0.999996
----------------------------------IMU----------------------------------
----------------------------------IMU----------------------------------
IMU Error: 
-0.00635128 -0.00346218  0.00661999

Jacobian: 
  -0.999995 -0.00331183 -0.00172759
 0.00330816   -0.999993  0.00317755
 0.00173459 -0.00317373   -0.999996
----------------------------------IMU----------------------------------
----------------------------------IMU----------------------------------
IMU Error: 
-0.00670418 -0.00297798  0.00608433

Jacobian: 
  -0.999996 -0.00304383 -0.00148559
  0.0030405   -0.999993   0.0033536
 0.00149239 -0.00335058   -0.999996
----------------------------------IMU----------------------------------
----------------------------------IMU----------------------------------
IMU Error: 
-0.00679587 -0.00283554  0.00591664

Jacobian: 
  -0.999996 -0.00295993 -0.00141442
 0.00295672   -0.999993  0.00339933
 0.00142112 -0.00339654   -0.999995
----------------------------------IMU----------------------------------
----------------------------------IMU----------------------------------
IMU Error: 
-0.00679587 -0.00283554  0.00591664

Jacobian: 
  -0.999996 -0.00295993 -0.00141442
 0.00295672   -0.999993  0.00339933
 0.00142112 -0.00339654   -0.999995
----------------------------------IMU----------------------------------
----------------------------------IMU----------------------------------
IMU Error: 
-0.00678045 -0.00216484  0.00588708

Jacobian: 
  -0.999997 -0.00294476 -0.00107909
 0.00294232   -0.999993  0.00339129
 0.00108575 -0.00338917   -0.999996
----------------------------------IMU----------------------------------
----------------------------------IMU----------------------------------
IMU Error: 
-0.00677758 -0.00201627  0.00586597

Jacobian: 
  -0.999997 -0.00293412 -0.00100482
 0.00293185   -0.999993  0.00338977
 0.00101145  -0.0033878   -0.999996
----------------------------------IMU----------------------------------
----------------------------------IMU----------------------------------
IMU Error: 
-0.00677758 -0.00201627  0.00586597

Jacobian: 
  -0.999997 -0.00293412 -0.00100482
 0.00293185   -0.999993  0.00338977
 0.00101145  -0.0033878   -0.999996
----------------------------------IMU----------------------------------
----------------------------------IMU----------------------------------
IMU Error: 
-0.00675959 -0.00196308  0.00584532

Jacobian: 
   -0.999997  -0.00292377 -0.000978246
  0.00292156    -0.999993   0.00338075
 0.000984831  -0.00337884    -0.999996
----------------------------------IMU----------------------------------
Coarse Tracker tracked ab = -0.053352 19.782818 (exp 1.000000). Res 6.129177!
[0m[ INFO] [1499240060.413804136]: time- 1413393936.505760, 10 IMU message between the images[0m
[0m[ INFO] [1499240060.413943891]: GT VS CAM, Start 0.000000, End 0.000000[0m
SPARSITY:  MinActDist 0.800000 (need 1200 points, have 453 points)!
Tracking from IMU: 
ref pose: 
   0.92869 -0.0789967  -0.362345 -0.0557146
 0.0572147   0.995871 -0.0704738 -0.0562488
  0.366416  0.0447169   0.929376  0.0486915
         0          0          0          1
Tbc: 
 0.0148655  -0.999881  0.0041403 -0.0216401
  0.999557  0.0149672  0.0257155  -0.064677
-0.0257744 0.00375619   0.999661 0.00981073
         0          0          0          1
Before Nav: 
  0.996286 -0.0550127  0.0662391  0.0513272
 0.0754461   0.928475  -0.363652 -0.0547054
-0.0414959   0.367299   0.929177  0.0734524
         0          0          0          1
After nav:   0.996859 -0.0221882  0.0760306  0.0937758
 0.0535307   0.896253  -0.440301 -0.0462429
-0.0583732   0.442987   0.894626  0.0568231
         0          0          0          1
Rel nav:    0.999617  -0.0265784 -0.00767455   -0.043739
  0.0271309    0.996078   0.0842199 0.000723885
 0.00540603  -0.0843958    0.996418   0.0153756
          0           0           0           1
KF: 1 Fh: -1
IMUs: 20
Const: 
    0.99499  -0.0261002   0.0965097  0.00473967
   0.025545    0.999649  0.00698436   0.0169223
 -0.0966582 -0.00448403    0.995308  -0.0240489
          0           0           0           1
Pred: 
  0.996092 -0.0266865  0.0841889 0.00473967
   0.02597   0.999617 0.00959478  0.0169223
-0.0844127 -0.0073709   0.996404 -0.0240489
         0          0          0          1
----------------------------------IMU----------------------------------
IMU Error: 
5.55112e-17 2.29851e-17 8.67362e-19

Jacobian: 
          -1 -7.58942e-19  2.08167e-17
 9.75782e-19           -1 -4.16334e-17
-2.51535e-17  6.93889e-17           -1
----------------------------------IMU----------------------------------
----------------------------------IMU----------------------------------
IMU Error: 
-0.00542042 -0.00111184 0.000574791

Jacobian: 
          -1 -0.000287897 -0.000555662
 0.000286893    -0.999998   0.00271026
 0.000556181  -0.00271016    -0.999997
----------------------------------IMU----------------------------------
----------------------------------IMU----------------------------------
IMU Error: 
 -0.00895025 -0.000328588   0.00540598

Jacobian: 
   -0.999998  -0.00270324 -0.000160262
  0.00270275    -0.999991   0.00447527
 0.000168326  -0.00447498    -0.999993
----------------------------------IMU----------------------------------
----------------------------------IMU----------------------------------
IMU Error: 
-0.0106787 -0.0010709 0.00567855

Jacobian: 
   -0.999997  -0.00284023 -0.000530398
  0.00283832    -0.999988   0.00533985
 0.000540505  -0.00533883     -0.99999
----------------------------------IMU----------------------------------
----------------------------------IMU----------------------------------
IMU Error: 
 -0.0105956 -0.00185093  0.00652868

Jacobian: 
  -0.999996 -0.00326598  -0.0009197
 0.00326271   -0.999987  0.00529882
 0.00093123 -0.00529681    -0.99999
----------------------------------IMU----------------------------------
----------------------------------IMU----------------------------------
IMU Error: 
 -0.0108585 -0.00217261  0.00691666

Jacobian: 
  -0.999996  -0.0034603 -0.00108005
 0.00345636   -0.999986  0.00543051
 0.00109256 -0.00542801    -0.99999
----------------------------------IMU----------------------------------
----------------------------------IMU----------------------------------
IMU Error: 
 -0.0108089 -0.00239094  0.00704192

Jacobian: 
  -0.999995 -0.00352311 -0.00118913
  0.0035188   -0.999986  0.00540586
 0.00120181 -0.00540305    -0.99999
----------------------------------IMU----------------------------------
----------------------------------IMU----------------------------------
IMU Error: 
 -0.0108089 -0.00239094  0.00704192

Jacobian: 
  -0.999995 -0.00352311 -0.00118913
  0.0035188   -0.999986  0.00540586
 0.00120181 -0.00540305    -0.99999
----------------------------------IMU----------------------------------
----------------------------------IMU----------------------------------
IMU Error: 
-0.00926638  -0.0042324  0.00965922

Jacobian: 
  -0.999991 -0.00483288 -0.00210874
 0.00482634   -0.999985   0.0046366
 0.00212366 -0.00462978   -0.999991
----------------------------------IMU----------------------------------
----------------------------------IMU----------------------------------
IMU Error: 
-0.00863664  -0.0048026   0.0107923

Jacobian: 
  -0.999988  -0.0053996 -0.00239353
 0.00539269   -0.999984  0.00432264
 0.00240907   -0.004314   -0.999992
----------------------------------IMU----------------------------------
----------------------------------IMU----------------------------------
IMU Error: 
-0.00837761 -0.00493522   0.0112746

Jacobian: 
  -0.999987 -0.00564076 -0.00245974
 0.00563387   -0.999984  0.00419344
 0.00247548 -0.00418417   -0.999992
----------------------------------IMU----------------------------------
----------------------------------IMU----------------------------------
IMU Error: 
  -0.008164 -0.00496236   0.0115823

Jacobian: 
  -0.999987 -0.00579455  -0.0024733
  0.0057878   -0.999983  0.00408679
 0.00248906 -0.00407721   -0.999992
----------------------------------IMU----------------------------------
----------------------------------IMU----------------------------------
IMU Error: 
  -0.008164 -0.00496236   0.0115823

Jacobian: 
  -0.999987 -0.00579455  -0.0024733
  0.0057878   -0.999983  0.00408679
 0.00248906 -0.00407721   -0.999992
----------------------------------IMU----------------------------------
----------------------------------IMU----------------------------------
IMU Error: 
-0.00843462 -0.00512337   0.0116236

Jacobian: 
  -0.999987 -0.00581542 -0.00255351
 0.00580821   -0.999983  0.00422227
 0.00256986 -0.00421235   -0.999992
----------------------------------IMU----------------------------------
----------------------------------IMU----------------------------------
IMU Error: 
-0.00851477 -0.00520401   0.0115821

Jacobian: 
  -0.999987 -0.00579474 -0.00259379
 0.00578736   -0.999983  0.00426241
 0.00261023 -0.00425236   -0.999992
----------------------------------IMU----------------------------------
----------------------------------IMU----------------------------------
IMU Error: 
-0.00851477 -0.00520401   0.0115821

Jacobian: 
  -0.999987 -0.00579474 -0.00259379
 0.00578736   -0.999983  0.00426241
 0.00261023 -0.00425236   -0.999992
----------------------------------IMU----------------------------------
----------------------------------IMU----------------------------------
IMU Error: 
-0.00841523 -0.00475941   0.0115752

Jacobian: 
  -0.999987 -0.00579094 -0.00237159
 0.00578426   -0.999983  0.00421221
 0.00238782 -0.00420302   -0.999992
----------------------------------IMU----------------------------------
----------------------------------IMU----------------------------------
IMU Error: 
-0.00831623 -0.00457642   0.0116232

Jacobian: 
  -0.999987 -0.00581475 -0.00228015
 0.00580841   -0.999983  0.00416255
 0.00229626 -0.00415368   -0.999992
----------------------------------IMU----------------------------------
----------------------------------IMU----------------------------------
IMU Error: 
-0.00831623 -0.00457642   0.0116232

Jacobian: 
  -0.999987 -0.00581475 -0.00228015
 0.00580841   -0.999983  0.00416255
 0.00229626 -0.00415368   -0.999992
----------------------------------IMU----------------------------------
----------------------------------IMU----------------------------------
IMU Error: 
-0.00832461 -0.00467556   0.0117015

Jacobian: 
  -0.999987   -0.005854 -0.00232966
 0.00584752   -0.999983  0.00416687
  0.0023459 -0.00415775   -0.999992
----------------------------------IMU----------------------------------
OPTIMIZE 1059 pts, 1918 active res, 0 lin res!
Coarse Tracker tracked ab = -0.066997 19.664366 (exp 1.000000). Res 9.036690!
[0m[ INFO] [1499240060.426746969]: time- 1413393936.555760, 10 IMU message between the images[0m
[0m[ INFO] [1499240060.426943394]: GT VS CAM, Start 0.000000, End 0.000000[0m
Initial Error       	A(656051.896246)=(AV 13.323). Num: A(462) + M(0); ab -0.053352 19.782818!
STEPS: A 3.2; B 22.4; R 245.8; T 105.2. 	ACCEPT 0 (L -1.00, dir nan, ss 1.0): 	A(648663.952958)=(AV 6.918). Num: A(1694) + M(0); ab -0.031612 18.315710!
STEPS: A 2.0; B 14.2; R 64.4; T 28.5. 	ACCEPT 1 (L -1.60, dir 0.81, ss 1.0): 	A(627851.663286)=(AV 6.642). Num: A(1779) + M(0); ab -0.016651 17.335093!
STEPS: A 1.7; B 13.1; R 31.1; T 10.3. 	ACCEPT 2 (L -2.20, dir 0.61, ss 1.0): 	A(615901.275418)=(AV 6.603). Num: A(1766) + M(0); ab -0.002458 16.259813!
STEPS: A 1.2; B 10.1; R 38.5; T 11.9. 	ACCEPT 3 (L -2.81, dir 0.97, ss 1.0): 	A(613656.168199)=(AV 6.602). Num: A(1760) + M(0); ab 0.007229 15.416089!
Tracking from IMU: 
ref pose: 
   0.92869 -0.0789967  -0.362345 -0.0557146
 0.0572147   0.995871 -0.0704738 -0.0562488
  0.366416  0.0447169   0.929376  0.0486915
         0          0          0          1
Tbc: 
 0.0148655  -0.999881  0.0041403 -0.0216401
  0.999557  0.0149672  0.0257155  -0.064677
-0.0257744 0.00375619   0.999661 0.00981073
         0          0          0          1
Before Nav: 
  0.996286 -0.0550127  0.0662391  0.0513272
 0.0754461   0.928475  -0.363652 -0.0547054
-0.0414959   0.367299   0.929177  0.0734524
         0          0          0          1
After nav:   0.996195 0.00455014  0.0870286   0.149856
 0.0375423   0.878814  -0.475685 -0.0345315
-0.0786465   0.477142     0.8753  0.0354063
         0          0          0          1
Rel nav:     0.998592   -0.0488331   -0.0207417    -0.101904
   0.0510369      0.99096     0.124068 -2.40904e-05
   0.0144955    -0.124952     0.992057    0.0343232
           0            0            0            1
KF: 1 Fh: -1
IMUs: 30
Const: 
  0.988672 -0.0639856   0.135766 0.00243445
  0.060556   0.997736  0.0292472  0.0257559
 -0.137331 -0.0206944   0.990309 -0.0372775
         0          0          0          1
Pred: 
  0.991021 -0.0502462   0.123909 0.00243445
 0.0476527    0.99858   0.023808  0.0257559
  -0.12493 -0.0176896   0.992008 -0.0372775
         0          0          0          1
----------------------------------IMU----------------------------------
IMU Error: 
-2.77556e-17 -3.46945e-18   2.1684e-19

Jacobian: 
          -1 -6.93889e-18 -6.93889e-18
-6.50521e-18           -1  2.77556e-17
          -0 -2.77556e-17           -1
----------------------------------IMU----------------------------------
----------------------------------IMU----------------------------------
IMU Error: 
-0.00168251 -0.00137729  0.00348578

Jacobian: 
   -0.999999  -0.00174308 -0.000688156
   0.0017427    -0.999999  0.000841656
 0.000689133 -0.000840856           -1
----------------------------------IMU----------------------------------
----------------------------------IMU----------------------------------
IMU Error: 
-0.00304421 -0.00154986  0.00700595

Jacobian: 
   -0.999996  -0.00350337 -0.000773155
  0.00350258    -0.999995   0.00152301
 0.000776709   -0.0015212    -0.999999
----------------------------------IMU----------------------------------
----------------------------------IMU----------------------------------
IMU Error: 
-0.00442347 -0.00186903   0.0113433

Jacobian: 
   -0.999989  -0.00567236 -0.000930333
  0.00567098    -0.999988    0.0022135
 0.000938696  -0.00220997    -0.999998
----------------------------------IMU----------------------------------
----------------------------------IMU----------------------------------
IMU Error: 
-0.00674818  -0.0033603   0.0138465

Jacobian: 
  -0.999983 -0.00692515 -0.00167236
 0.00692137    -0.99998  0.00337797
 0.00168794 -0.00337021   -0.999995
----------------------------------IMU----------------------------------
----------------------------------IMU----------------------------------
IMU Error: 
-0.00777013 -0.00489377   0.0150623

Jacobian: 
  -0.999979 -0.00753432 -0.00243713
 0.00752798   -0.999976  0.00389121
 0.00245664 -0.00387892   -0.999993
----------------------------------IMU----------------------------------
----------------------------------IMU----------------------------------
IMU Error: 
-0.00818624 -0.00662371   0.0153075

Jacobian: 
  -0.999977 -0.00765829 -0.00330141
 0.00764925   -0.999975  0.00410157
  0.0033223 -0.00408467   -0.999991
----------------------------------IMU----------------------------------
----------------------------------IMU----------------------------------
IMU Error: 
-0.00909763 -0.00774261   0.0158683

Jacobian: 
STEPS: A 0.7; B 4.2; R 27.9; T 9.1. 	  -0.999974 -0.00794001 -0.00385928
 0.00792827   -0.999972  0.00455905
 0.00388334 -0.00453858   -0.999988
----------------------------------IMU----------------------------------
----------------------------------IMU----------------------------------
IMU Error: 
 -0.0109569 -0.00862797   0.0170552

Jacobian: 
   -0.99997 -0.00853548 -0.00429841
 0.00851973   -0.999966   0.0054907
 0.00432956 -0.00546617   -0.999984
----------------------------------IMU----------------------------------
----------------------------------IMU----------------------------------
IMU Error: 
 -0.0118599 -0.00844632   0.0164275

Jacobian: 
  -0.999972 -0.00822207 -0.00420692
 0.00820538   -0.999966   0.0059415
  0.0042394 -0.00591838   -0.999982
----------------------------------IMU----------------------------------
----------------------------------IMU----------------------------------
IMU Error: 
 -0.0125338 -0.00841448   0.0170306

Jacobian: 
   -0.99997 -0.00852408 -0.00418945
  0.0085065   -0.999963  0.00627886
 0.00422503 -0.00625497   -0.999981
----------------------------------IMU----------------------------------
----------------------------------IMU----------------------------------
IMU Error: 
 -0.0121098 -0.00843383   0.0166534

Jacobian: 
  -0.999971  -0.0083352 -0.00420011
 0.00831817   -0.999965  0.00606662
 0.00423372 -0.00604321   -0.999982
----------------------------------IMU----------------------------------
----------------------------------IMU----------------------------------
IMU Error: 
 -0.0118599 -0.00844632   0.0164275

Jacobian: 
  -0.999972 -0.00822207 -0.00420692
 0.00820538   -0.999966   0.0059415
  0.0042394 -0.00591838   -0.999982
----------------------------------IMU----------------------------------
ACCEPT 4 (L -3.41, dir 0.99, ss 1.0): 	A(607721.896121)=(AV 6.577). Num: A(1756) + M(0); ab 0.012495 15.090698!
----------------------------------IMU----------------------------------
IMU Error: 
 -0.0107495 -0.00824686   0.0181107

Jacobian: 
  -0.999967 -0.00906274 -0.00410721
 0.00904796   -0.999963  0.00538718
 0.00413965 -0.00536228   -0.999985
----------------------------------IMU----------------------------------
----------------------------------IMU----------------------------------
IMU Error: 
 -0.0101777 -0.00834304   0.0187241

Jacobian: 
  -0.999965  -0.0093691 -0.00415564
 0.00935495   -0.999962  0.00510187
  0.0041874 -0.00507584   -0.999986
----------------------------------IMU----------------------------------
----------------------------------IMU----------------------------------
IMU Error: 
-0.00990576  -0.0083203   0.0187925

Jacobian: 
  -0.999965 -0.00940312 -0.00414464
 0.00938938   -0.999962  0.00496591
 0.00417566 -0.00493985   -0.999986
----------------------------------IMU----------------------------------
----------------------------------IMU----------------------------------
IMU Error: 
-0.00990576  -0.0083203   0.0187925

Jacobian: 
  -0.999965 -0.00940312 -0.00414464
 0.00938938   -0.999962  0.00496591
 0.00417566 -0.00493985   -0.999986
----------------------------------IMU----------------------------------
----------------------------------IMU----------------------------------
IMU Error: 
  -0.010098 -0.00823996   0.0179806

Jacobian: 
  -0.999967 -0.00899725 -0.00410485
 0.00898338   -0.999965  0.00506133
 0.00413511 -0.00503663   -0.999986
----------------------------------IMU----------------------------------
----------------------------------IMU----------------------------------
IMU Error: 
  -0.010085 -0.00808134   0.0175353

Jacobian: 
  -0.999969 -0.00877444 -0.00402593
 0.00876085   -0.999966  0.00505431
 0.00405541 -0.00503069   -0.999986
----------------------------------IMU----------------------------------
STEPS: A 0.6; B 5.1; R 28.4; T 8.5. 	----------------------------------IMU----------------------------------
IMU Error: 
-0.0100119 -0.0079648   0.017314

Jacobian: 
   -0.99997 -0.00866365 -0.00396795
 0.00865036   -0.999967  0.00501743
 0.00399685 -0.00499444   -0.999986
----------------------------------IMU----------------------------------
----------------------------------IMU----------------------------------
IMU Error: 
-0.0100119 -0.0079648   0.017314

Jacobian: 
   -0.99997 -0.00866365 -0.00396795
 0.00865036   -0.999967  0.00501743
 0.00399685 -0.00499444   -0.999986
----------------------------------IMU----------------------------------
----------------------------------IMU----------------------------------
IMU Error: 
-0.00975257 -0.00762447   0.0172999

Jacobian: 
   -0.99997 -0.00865613 -0.00379817
 0.00864373   -0.999967  0.00488728
 0.00382629 -0.00486529   -0.999987
----------------------------------IMU----------------------------------
----------------------------------IMU----------------------------------
IMU Error: 
-0.00957258   -0.007528   0.0173801

Jacobian: 
   -0.99997 -0.00869606 -0.00375014
 0.00868405   -0.999967   0.0047972
 0.00377787 -0.00477539   -0.999988
----------------------------------IMU----------------------------------
----------------------------------IMU----------------------------------
IMU Error: 
 -0.0094609 -0.00751228   0.0174178

Jacobian: 
   -0.99997 -0.00871483 -0.00374241
 0.00870299   -0.999967  0.00474135
 0.00376987 -0.00471955   -0.999988
----------------------------------IMU----------------------------------
----------------------------------IMU----------------------------------
IMU Error: 
 -0.0094609 -0.00751228   0.0174178

Jacobian: 
   -0.99997 -0.00871483 -0.00374241
 0.00870299   -0.999967  0.00474135
 0.00376987 -0.00471955   -0.999988
----------------------------------IMU----------------------------------
----------------------------------IMU----------------------------------
IMU Error: 
 -0.0093316 -0.00772231   0.0174058

Jacobian: 
   -0.99997 -0.00870891 -0.00384762
  0.0086969   -0.999967    0.004677
 0.00387469  -0.0046546   -0.999988
----------------------------------IMU----------------------------------
Coarse Tracker tracked ab = -0.064158 18.320539 (exp 1.000000). Res 10.772688!
[0m[ INFO] [1499240060.444098511]: time- 1413393936.605761, 10 IMU message between the images[0m
[0m[ INFO] [1499240060.444301394]: GT VS CAM, Start 0.000000, End 0.000000[0m
ACCEPT 5 (L -4.01, dir 0.99, ss 1.0): 	A(607114.699557)=(AV 6.574). Num: A(1756) + M(0); ab 0.016891 14.683104!
STEPS: A 0.5; B 5.0; R 26.6; T 8.4. 	ACCEPT 6 (L -4.61, dir 1.00, ss 1.0): 	A(602378.637201)=(AV 6.563). Num: A(1748) + M(0); ab 0.020928 14.293105!
STEPS: A 0.3; B 2.8; R 18.6; T 5.1. 	ACCEPT 7 (L -5.21, dir 1.00, ss 1.0): 	A(599461.771292)=(AV 6.547). Num: A(1748) + M(0); ab 0.023534 14.048977!
STEPS: A 0.3; B 2.7; R 9.3; T 2.3. 	ACCEPT 8 (L -5.82, dir 0.97, ss 1.0): 	A(594291.179424)=(AV 6.521). Num: A(1747) + M(0); ab 0.025818 13.850750!
Tracking from IMU: 
ref pose: 
   0.92869 -0.0789967  -0.362345 -0.0557146
 0.0572147   0.995871 -0.0704738 -0.0562488
  0.366416  0.0447169   0.929376  0.0486915
         0          0          0          1
Tbc: 
 0.0148655  -0.999881  0.0041403 -0.0216401
  0.999557  0.0149672  0.0257155  -0.064677
-0.0257744 0.00375619   0.999661 0.00981073
         0          0          0          1
Before Nav: 
STEPS: A 0.3; B 2.9; R 9.9; T 2.9. 	  0.996286 -0.0550127  0.0662391  0.0513272
 0.0754461   0.928475  -0.363652 -0.0547054
-0.0414959   0.367299   0.929177  0.0734524
         0          0          0          1
After nav:   0.994295  0.0306323   0.102173    0.22868
 0.0257598   0.860566  -0.508687 -0.0179602
 -0.103509   0.508416   0.854868 0.00484097
         0          0          0          1
Rel nav:    0.996841  -0.0688002  -0.0396843   -0.184389
  0.0743477     0.98407    0.161491 -0.00217127
  0.0279415   -0.163932    0.986076   0.0592248
          0           0           0           1
KF: 1 Fh: -1
IMUs: 40
Const: 
  0.980258 -0.0973008   0.172122 -0.0012294
 0.0892656   0.994552  0.0538415  0.0330443
 -0.176423  -0.037414   0.983603 -0.0499649
         0          0          0          1
Pred: 
  0.984224 -0.0731239   0.161112 -0.0012294
 0.0668891   0.996799  0.0437953  0.0330443
 -0.163798 -0.0323277   0.985964 -0.0499649
         0          0          0          1
----------------------------------IMU----------------------------------
IMU Error: 
 -1.249e-16  3.1225e-17 3.03577e-17

Jacobian: 
          -1  -2.1684e-17  2.77556e-17
 3.90313e-17           -1  1.11022e-16
-3.46945e-17 -1.38778e-16           -1
----------------------------------IMU----------------------------------
----------------------------------IMU----------------------------------
IMU Error: 
-0.00594639 -0.00504499  0.00317921

Jacobian: 
  -0.999997  -0.0015921 -0.00252092
  0.0015871   -0.999996  0.00297453
 0.00252407 -0.00297186   -0.999995
